Name				H_University_01
Number_of_Customers		34
Number_of_Items			441
Number_of_ItemTypes		12
Number_of_Vehicles		4
TimeWindows			0
Dist_type   latlong

VEHICLE
Mass_Capacity			90
CargoSpace_Length		1800
CargoSpace_Width		1000
CargoSpace_Height		1200
Wheelbase			48
Max_Mass_FrontAxle		50
Max_Mass_RearAxle		82
Distance_FrontAxle_CargoSpace	4

CUSTOMERS
i	x	y	Demand	ReadyTime	DueDate	ServiceTime	DemandedMass	DemandedVolume
0	114.307693	30.482199	0	0	0	0	0	0
1	114.308438	30.480748	35	0	0	0	0	0
2	114.312477	30.478904	5	0	0	0	0	0
3	114.312504	30.478520	22	0	0	0	0	0
4	114.312252	30.477840	15	0	0	0	0	0
5	114.312392	30.476574	0	0	0	0	0	0
6	114.312392	30.476192	0	0	0	0	0	0
7	114.310460	30.475959	0	0	0	0	0	0
8	114.310160	30.477387	0	0	0	0	0	0
9	114.309902	30.478696	0	0	0	0	0	0
10	114.309452	30.479796	0	0	0	0	0	0
11	114.311555	30.479935	0	0	0	0	0	0
12	114.310702	30.480910	0	0	0	0	0	0
13	114.311013	30.481807	0	0	0	0	0	0
14	114.308486	30.479329	0	0	0	0	0	0
15	114.307971	30.477720	0	0	0	0	0	0
16	114.307494	30.478280	0	0	0	0	0	0
17	114.307628	30.479244	0	0	0	0	0	0
18	114.305911	30.478955	0	0	0	0	0	0
19	114.305842	30.479634	0	0	0	0	0	0
20	114.305643	30.480869	0	0	0	0	0	0
21	114.305552	30.481580	0	0	0	0	0	0
22	114.305278	30.482260	0	0	0	0	0	0
23	114.306169	30.482237	0	0	0	0	0	0
24	114.308842	30.484196	0	0	0	0	0	0
25	114.307580	30.484138	0	0	0	0	0	0
26	114.307870	30.484429	0	0	0	0	0	0
27	114.309728	30.485097	0	0	0	0	0	0
28	114.311798	30.485356	0	0	0	0	0	0
29	114.310726	30.485056	0	0	0	0	0	0
30	114.309318	30.484756	0	0	0	0	0	0
31	114.310289	30.484276	0	0	0	0	0	0
32	114.309661	30.483841	0	0	0	0	0	0
33	114.309597	30.478657	0	0	0	0	0	0
34	114.310922	30.483393	0	0	0	0	0	0

ITEMS
Type		Length		Width		Height		Mass		Fragility	LoadBearingStrength
Bt1	520	520	210	0	0	0
Bt2	190	150	120	0	0	0
Bt3	350	230	190	0	0	0
Bt4	150	120	100	0	0	0
Bt5	220	180	150	0	0	0
Bt6	150	110	100	0	0	0
Bt7	230	150	130	0	0	0
Bt8	185	120	90	0	0	0
Bt9	210	140	110	0	0	0
Bt10	120	110	90	0	0	0
Bt11	200	110	100	0	0	0
Bt12	100	100	80	0	0	0

DEMANDS PER CUSTOMER
i	Type Quantity
1	Bt1	7	Bt3	2	Bt5	19	Bt10	4	Bt12	3
2	Bt10	5
3	Bt1	2	Bt3	4	Bt5	9	Bt8	2	Bt10	4	Bt12	1
4	Bt1	2	Bt4	4	Bt5	2	Bt10	6	Bt12	1
5	Bt1	2	Bt3	1	Bt5	2	Bt7	2	Bt10	3
6	Bt5	1
7	Bt1	7	Bt3	1	Bt8	2	Bt10	15
8	Bt5	1	Bt12	1
9	Bt1	2
10	Bt1	3
11	Bt5	10
12	Bt5	1	Bt12	1
13	Bt1	3	Bt3	4	Bt4	10	Bt5	5	Bt7	6	Bt8	2	Bt9	2	Bt10	6	Bt12	1
14	Bt5	7	Bt8	1
15	Bt5	1	Bt8	2
16	Bt3	2	Bt10	1	Bt12	1
17	Bt4	1	Bt5	2
18	Bt1	2	Bt4	4	Bt5	1	Bt9	3
19	Bt1	2	Bt3	2	Bt8	1	Bt9	13
20	Bt3	2	Bt5	1	Bt8	2	Bt12	3
21	Bt1	11	Bt10	6
22	Bt1	2	Bt3	1	Bt10	2
23	Bt3	10	Bt5	1
24	Bt3	5	Bt5	5	Bt8	4
25	Bt6	1	Bt8	3	Bt10	1	Bt12	2
26	Bt3 1   Bt8	2
27	Bt3	1	Bt6	3	Bt12	1
28	Bt1	2	Bt8	2
29	Bt8	5	Bt12	10
30	Bt6	15	Bt10	18
31	Bt1	12	Bt10	18
32	Bt1	8	Bt4	3	Bt6	1	Bt10	1	Bt11	5
33	Bt1	5	Bt3	7	Bt8	1	Bt10	6
34	Bt1	2	Bt2	3	Bt4	10	Bt6	3	Bt7	4	Bt8	3	Bt9	4	Bt10	3	Bt12	3